
################################################################################
# Gelman-Rubin Diagnostic
################################################################################

Generally the Gelman diagnostic should be < 1.05


Out of 65 variables: 42 > 1.01

                      
32 > 1.05

                      
18 > 1.1


The worst variables are:

              Point est. Upper C.I.
p.global[1]     1.489079   2.436264
ilr.fac1[4,1]   1.445091   2.378454
ilr.fac1[4,2]   1.428263   2.235162
fac1.sig        1.359249   2.322221
p.fac1[4,1]     1.347954   1.934474
p.global[3]     1.341436   2.313934
ilr.fac1[3,2]   1.273550   1.861587
ilr.fac1[5,1]   1.265544   1.728777
ilr.fac1[2,1]   1.258877   1.761510
ilr.fac1[2,2]   1.237375   1.685145


And here are the Gelman diagnostics for all variables:

              Point est. Upper C.I.
deviance        1.044945   1.150586
fac1.sig        1.359249   2.322221
ilr.fac1[1,1]   1.055136   1.075708
ilr.fac1[1,2]   1.168195   1.513188
ilr.fac1[2,1]   1.258877   1.761510
ilr.fac1[2,2]   1.237375   1.685145
ilr.fac1[3,1]   1.163676   1.476085
ilr.fac1[3,2]   1.273550   1.861587
ilr.fac1[4,1]   1.445091   2.378454
ilr.fac1[4,2]   1.428263   2.235162
ilr.fac1[5,1]   1.265544   1.728777
ilr.fac1[5,2]   1.225163   1.658322
ilr.fac1[6,1]   1.104971   1.320798
ilr.fac1[6,2]   1.038531   1.122531
loglik[1]       1.003827   1.016515
loglik[10]      1.016011   1.054644
loglik[11]      1.004428   1.018561
loglik[12]      1.019864   1.070491
loglik[13]      1.002844   1.012491
loglik[14]      1.001786   1.005094
loglik[15]      1.004157   1.017038
loglik[16]      1.000936   1.004098
loglik[17]      1.000284   1.003653
loglik[18]      1.000657   1.002150
loglik[19]      1.004848   1.016841
loglik[2]       1.006220   1.019209
loglik[20]      1.005491   1.020939
loglik[21]      1.089977   1.285969
loglik[22]      1.065909   1.215324
loglik[23]      1.001599   1.006787
loglik[24]      1.004458   1.018739
loglik[25]      1.061102   1.201806
loglik[26]      1.003626   1.015209
loglik[27]      1.007806   1.030488
loglik[28]      1.008017   1.031231
loglik[29]      1.021132   1.073891
loglik[3]       1.003722   1.010318
loglik[30]      1.005039   1.017006
loglik[4]       1.011126   1.030492
loglik[5]       1.006390   1.015076
loglik[6]       1.002510   1.011422
loglik[7]       1.000130   1.002386
loglik[8]       1.008270   1.030412
loglik[9]       1.004945   1.017856
p.fac1[1,1]     1.071865   1.231270
p.fac1[1,2]     1.058645   1.193924
p.fac1[1,3]     1.015290   1.048994
p.fac1[2,1]     1.089274   1.279260
p.fac1[2,2]     1.025378   1.089999
p.fac1[2,3]     1.055046   1.183347
p.fac1[3,1]     1.068518   1.219287
p.fac1[3,2]     1.031608   1.110137
p.fac1[3,3]     1.159182   1.476515
p.fac1[4,1]     1.347954   1.934474
p.fac1[4,2]     1.057124   1.187203
p.fac1[4,3]     1.076445   1.247503
p.fac1[5,1]     1.133750   1.400856
p.fac1[5,2]     1.031499   1.109585
p.fac1[5,3]     1.157492   1.459726
p.fac1[6,1]     1.092065   1.276560
p.fac1[6,2]     1.065919   1.213786
p.fac1[6,3]     1.062414   1.191285
p.global[1]     1.489079   2.436264
p.global[2]     1.187173   1.613393
p.global[3]     1.341436   2.313934

################################################################################
# Geweke Diagnostic
################################################################################

The Geweke diagnostic is a standard z-score, so we'd expect 5% to be outside +/-1.96
Number of variables outside +/-1.96 in each chain (out of 
65
):


       Chain 1 Chain 2 Chain 3
Geweke      24      17      13


And here are the Geweke diagnostics for all variables:

              chain1 chain2 chain3
deviance      -3.188 -0.125  0.197
fac1.sig       5.574 -0.874 -1.686
ilr.fac1[1,1] -4.532  1.036 -0.277
ilr.fac1[1,2]  1.825  4.469 -0.290
ilr.fac1[2,1] -5.017  1.280 -2.065
ilr.fac1[2,2]  3.209  4.532 -2.971
ilr.fac1[3,1] -4.026  2.649 -0.578
ilr.fac1[3,2]  4.682  2.243 -1.167
ilr.fac1[4,1] -4.582  1.577  0.893
ilr.fac1[4,2]  1.749  2.792  0.647
ilr.fac1[5,1] -3.842  1.087 -1.536
ilr.fac1[5,2]  3.363  1.998 -2.556
ilr.fac1[6,1] -3.731  1.839 -1.863
ilr.fac1[6,2]  2.353  1.941 -2.431
loglik[1]     -0.188  0.450  0.200
loglik[10]     0.729 -0.287 -1.104
loglik[11]    -1.985  1.270  2.042
loglik[12]    -0.092 -0.934  1.751
loglik[13]     0.009  0.851  0.935
loglik[14]    -1.546  0.403  1.107
loglik[15]     2.103  4.357  1.692
loglik[16]    -0.131  1.516 -3.036
loglik[17]     0.466  1.811 -1.525
loglik[18]     0.989  0.065 -0.868
loglik[19]    -1.656  0.059  0.836
loglik[2]      0.695 -0.468  0.034
loglik[20]     2.231 -0.648 -0.552
loglik[21]     1.102 -1.851 -0.477
loglik[22]     5.414 -0.513 -0.437
loglik[23]     0.103  0.558 -1.158
loglik[24]     2.733  3.050 -1.483
loglik[25]     1.303 -1.183  0.024
loglik[26]     0.535 -2.083  1.696
loglik[27]     1.065 -0.603  2.968
loglik[28]     1.619 -1.679  2.433
loglik[29]     0.454 -2.782 -0.078
loglik[3]      1.645  1.435  0.585
loglik[30]    -0.761 -1.622 -0.466
loglik[4]      0.073  0.755 -0.768
loglik[5]      1.395  1.153  0.110
loglik[6]      2.246 -1.764 -0.992
loglik[7]      1.530  0.220  0.234
loglik[8]      0.637 -0.287 -0.769
loglik[9]      0.343 -1.704 -0.362
p.fac1[1,1]   -0.598  0.059 -0.105
p.fac1[1,2]   -0.134 -3.092  0.767
p.fac1[1,3]    0.916  1.638 -0.241
p.fac1[2,1]    0.803  0.172 -2.222
p.fac1[2,2]   -1.698 -1.590  2.252
p.fac1[2,3]    0.080  0.633  2.459
p.fac1[3,1]    2.750  0.983 -0.640
p.fac1[3,2]   -1.745 -2.143  0.911
p.fac1[3,3]   -2.668  0.666  0.236
p.fac1[4,1]   -0.970  0.700  0.217
p.fac1[4,2]    2.258 -3.428  0.592
p.fac1[4,3]   -0.760  1.346 -0.836
p.fac1[5,1]    1.849 -0.019 -2.489
p.fac1[5,2]   -2.055 -1.169  2.198
p.fac1[5,3]   -1.744  1.652  1.652
p.fac1[6,1]    0.510  0.479 -1.836
p.fac1[6,2]   -0.273 -2.746  1.168
p.fac1[6,3]   -0.359  2.207  1.523
p.global[1]    1.793 -1.779  0.453
p.global[2]   -3.451 -2.050  0.056
p.global[3]    4.541  2.209 -0.620
