
#################################################################
# Summary Statistics
#################################################################

DIC = 23.02971

                           Mean    SD  2.5%    5%   25%   50%   75%    95%  97.5%
Epsilon.1                 0.984 0.377 0.424 0.478 0.720 0.912 1.183  1.711  1.900
Epsilon.2                 0.500 0.210 0.209 0.238 0.354 0.454 0.594  0.916  1.006
Region.SD                 5.960 4.104 1.809 1.982 2.912 4.404 7.896 14.903 16.608
Pack.SD                   1.268 0.471 0.564 0.636 0.933 1.179 1.540  2.163  2.337
p.global.Deer             0.344 0.264 0.113 0.117 0.132 0.170 0.670  0.773  0.783
p.global.Marine Mammals   0.469 0.330 0.007 0.008 0.015 0.633 0.745  0.805  0.822
p.global.Salmon           0.187 0.084 0.060 0.064 0.120 0.177 0.251  0.334  0.350
p.Region 1.Deer           0.670 0.185 0.302 0.336 0.517 0.721 0.813  0.928  0.941
p.Region 2.Deer           0.563 0.147 0.252 0.284 0.450 0.587 0.689  0.750  0.767
p.Region 3.Deer           0.271 0.259 0.000 0.000 0.057 0.204 0.377  0.866  0.946
p.Region 1.Marine Mammals 0.001 0.001 0.000 0.000 0.000 0.000 0.001  0.003  0.004
p.Region 2.Marine Mammals 0.134 0.064 0.033 0.037 0.089 0.132 0.171  0.249  0.280
p.Region 3.Marine Mammals 0.291 0.299 0.000 0.000 0.002 0.154 0.575  0.775  0.816
p.Region 1.Salmon         0.329 0.184 0.059 0.072 0.187 0.279 0.480  0.663  0.697
p.Region 2.Salmon         0.303 0.138 0.114 0.130 0.195 0.272 0.395  0.583  0.616
p.Region 3.Salmon         0.438 0.387 0.000 0.000 0.055 0.324 0.866  1.000  1.000
p.Pack 1.Deer             0.833 0.031 0.775 0.784 0.814 0.833 0.854  0.885  0.896
p.Pack 2.Deer             0.690 0.031 0.628 0.636 0.670 0.691 0.710  0.740  0.748
p.Pack 3.Deer             0.803 0.038 0.724 0.741 0.777 0.803 0.829  0.863  0.879
p.Pack 4.Deer             0.460 0.049 0.360 0.378 0.427 0.462 0.495  0.538  0.548
p.Pack 5.Deer             0.288 0.062 0.158 0.184 0.252 0.289 0.333  0.381  0.402
p.Pack 6.Deer             0.749 0.029 0.682 0.697 0.731 0.752 0.769  0.790  0.796
p.Pack 7.Deer             0.363 0.055 0.218 0.264 0.337 0.371 0.400  0.434  0.445
p.Pack 8.Deer             0.235 0.166 0.000 0.000 0.054 0.265 0.366  0.478  0.490
p.Pack 1.Marine Mammals   0.001 0.002 0.000 0.000 0.000 0.000 0.001  0.005  0.007
p.Pack 2.Marine Mammals   0.003 0.007 0.000 0.000 0.000 0.000 0.001  0.016  0.023
p.Pack 3.Marine Mammals   0.001 0.004 0.000 0.000 0.000 0.000 0.001  0.007  0.009
p.Pack 4.Marine Mammals   0.060 0.049 0.001 0.002 0.016 0.051 0.089  0.158  0.176
p.Pack 5.Marine Mammals   0.067 0.057 0.004 0.007 0.020 0.049 0.099  0.184  0.208
p.Pack 6.Marine Mammals   0.165 0.038 0.077 0.092 0.143 0.171 0.193  0.219  0.225
p.Pack 7.Marine Mammals   0.473 0.091 0.215 0.321 0.442 0.493 0.528  0.571  0.582
p.Pack 8.Marine Mammals   0.290 0.210 0.000 0.000 0.007 0.372 0.469  0.540  0.554
p.Pack 1.Salmon           0.166 0.031 0.103 0.115 0.145 0.166 0.185  0.216  0.224
p.Pack 2.Salmon           0.307 0.033 0.242 0.254 0.287 0.308 0.329  0.362  0.371
p.Pack 3.Salmon           0.196 0.038 0.119 0.135 0.170 0.196 0.222  0.257  0.275
p.Pack 4.Salmon           0.480 0.084 0.305 0.332 0.423 0.487 0.544  0.602  0.627
p.Pack 5.Salmon           0.645 0.101 0.415 0.449 0.583 0.656 0.718  0.790  0.815
p.Pack 6.Salmon           0.086 0.058 0.007 0.014 0.040 0.075 0.121  0.199  0.220
p.Pack 7.Salmon           0.164 0.132 0.013 0.021 0.074 0.135 0.212  0.412  0.564
p.Pack 8.Salmon           0.475 0.371 0.000 0.000 0.175 0.362 0.929  1.000  1.000
