
################################################################################
# Gelman-Rubin Diagnostic
################################################################################

Generally the Gelman diagnostic should be < 1.05


Out of 65 variables: 45 > 1.01

                      
32 > 1.05

                      
31 > 1.1


The worst variables are:

              Point est. Upper C.I.
ilr.fac1[2,1]   5.658169  12.068595
ilr.fac1[3,1]   5.164769  11.232499
ilr.fac1[5,1]   5.152995  10.800100
p.global[2]     4.712233  13.308676
ilr.fac1[4,1]   4.642865  10.760922
p.global[1]     4.592101   8.903175
ilr.fac1[6,1]   4.523317   9.919920
ilr.fac1[1,1]   3.820095  12.136934
fac1.sig        3.356023   9.951657
ilr.fac1[3,2]   1.891365   4.698858


And here are the Gelman diagnostics for all variables:

              Point est. Upper C.I.
deviance       1.0035644   1.015458
fac1.sig       3.3560227   9.951657
ilr.fac1[1,1]  3.8200955  12.136934
ilr.fac1[1,2]  1.3594457   2.081397
ilr.fac1[2,1]  5.6581688  12.068595
ilr.fac1[2,2]  1.8108036   3.369158
ilr.fac1[3,1]  5.1647694  11.232499
ilr.fac1[3,2]  1.8913648   4.698858
ilr.fac1[4,1]  4.6428651  10.760922
ilr.fac1[4,2]  1.5416209   2.546385
ilr.fac1[5,1]  5.1529950  10.800100
ilr.fac1[5,2]  1.7861496   4.711355
ilr.fac1[6,1]  4.5233169   9.919920
ilr.fac1[6,2]  1.3320707   2.349635
loglik[1]      1.0139509   1.044645
loglik[10]     1.0034651   1.011581
loglik[11]     1.0052873   1.016172
loglik[12]     1.0297320   1.099609
loglik[13]     1.0000351   1.002118
loglik[14]     1.0293197   1.092978
loglik[15]     1.0185556   1.066046
loglik[16]     1.0010139   1.005425
loglik[17]     1.0009877   1.002248
loglik[18]     0.9999482   1.002153
loglik[19]     1.0117172   1.039665
loglik[2]      1.0338440   1.105392
loglik[20]     1.0018282   1.009125
loglik[21]     1.1905375   1.564644
loglik[22]     1.0190220   1.063307
loglik[23]     1.0065164   1.024433
loglik[24]     1.0091933   1.033503
loglik[25]     1.0467036   1.156545
loglik[26]     1.0080476   1.030219
loglik[27]     1.0028500   1.011898
loglik[28]     1.0001531   1.002868
loglik[29]     1.0110534   1.041332
loglik[3]      1.0040809   1.010893
loglik[30]     1.0015266   1.006635
loglik[4]      1.0308893   1.090616
loglik[5]      1.0041790   1.017154
loglik[6]      1.0004001   1.003455
loglik[7]      0.9997652   1.001172
loglik[8]      1.0038395   1.016365
loglik[9]      1.0014355   1.007421
p.fac1[1,1]    1.2250769   1.625199
p.fac1[1,2]    1.1490270   1.433669
p.fac1[1,3]    1.0417527   1.141760
p.fac1[2,1]    1.0999043   1.305769
p.fac1[2,2]    1.0158898   1.046343
p.fac1[2,3]    1.1115779   1.334886
p.fac1[3,1]    1.2473067   1.695038
p.fac1[3,2]    1.1254561   1.379663
p.fac1[3,3]    1.4532902   2.646192
p.fac1[4,1]    1.5676522   2.874916
p.fac1[4,2]    1.1180809   1.357949
p.fac1[4,3]    1.0401156   1.136356
p.fac1[5,1]    1.2221024   1.620577
p.fac1[5,2]    1.1032964   1.313705
p.fac1[5,3]    1.3879942   2.086863
p.fac1[6,1]    1.2011089   1.579416
p.fac1[6,2]    1.2176824   1.606681
p.fac1[6,3]    1.1445059   1.427807
p.global[1]    4.5921011   8.903175
p.global[2]    4.7122326  13.308676
p.global[3]    1.5573730   3.285809

################################################################################
# Geweke Diagnostic
################################################################################

The Geweke diagnostic is a standard z-score, so we'd expect 5% to be outside +/-1.96
Number of variables outside +/-1.96 in each chain (out of 
65
):


       Chain 1 Chain 2 Chain 3
Geweke      12      19      15


And here are the Geweke diagnostics for all variables:

              chain1 chain2 chain3
deviance       0.271  1.708 -0.521
fac1.sig      -0.730 -2.786 -0.275
ilr.fac1[1,1] -1.540 -3.250 -0.671
ilr.fac1[1,2] -1.037  1.872 -1.465
ilr.fac1[2,1] -1.692 -7.891 -4.208
ilr.fac1[2,2]  0.305  3.453 -2.515
ilr.fac1[3,1] -3.429 -6.526 -2.166
ilr.fac1[3,2] -1.048 -2.089 -0.046
ilr.fac1[4,1]  0.250  6.733 -1.881
ilr.fac1[4,2]  0.226  8.945 -4.257
ilr.fac1[5,1] -1.100 -2.269 -3.053
ilr.fac1[5,2]  0.689 -1.840 -2.442
ilr.fac1[6,1] -1.231 -0.023  0.790
ilr.fac1[6,2] -0.546  1.230 -0.650
loglik[1]     -1.421 -0.122  1.208
loglik[10]    -0.428 -2.321  1.317
loglik[11]     1.610  0.788  0.103
loglik[12]    -1.404  2.764  1.343
loglik[13]    -0.306  0.741  0.950
loglik[14]     2.051 -2.025  0.003
loglik[15]     1.726 -1.715  1.459
loglik[16]    -1.500 -0.684 -0.292
loglik[17]    -2.325  0.185  1.094
loglik[18]    -1.957 -1.422  1.233
loglik[19]    -1.278 -0.167  1.766
loglik[2]      0.647 -1.006  0.607
loglik[20]    -1.935 -1.323  0.424
loglik[21]    -2.031 -1.796 -0.628
loglik[22]     2.680 -2.423 -0.239
loglik[23]    -0.106 -0.918 -1.212
loglik[24]     1.516  0.104  0.077
loglik[25]    -1.402 -3.112  0.495
loglik[26]     1.940  1.958 -1.006
loglik[27]     1.119 -1.823 -0.439
loglik[28]     1.496 -0.614 -0.575
loglik[29]     2.921 -1.340 -2.893
loglik[3]     -0.206  0.688  0.925
loglik[30]     1.394  0.087 -1.815
loglik[4]      1.729  1.044  2.051
loglik[5]      1.678 -0.705 -2.071
loglik[6]     -0.908 -1.941  1.185
loglik[7]     -1.062 -2.576  0.619
loglik[8]     -0.312 -1.732  1.101
loglik[9]     -1.892 -2.055  1.771
p.fac1[1,1]    0.559 -0.460  3.117
p.fac1[1,2]   -0.782 -0.156 -0.580
p.fac1[1,3]    0.150  0.503 -4.147
p.fac1[2,1]    2.560 -0.409  1.348
p.fac1[2,2]   -1.303 -1.257  0.125
p.fac1[2,3]   -2.049  1.890 -2.326
p.fac1[3,1]    1.963 -1.590  1.153
p.fac1[3,2]   -1.675  1.086 -0.353
p.fac1[3,3]   -0.812  1.672 -1.352
p.fac1[4,1]    0.629  8.668  0.163
p.fac1[4,2]   -0.244 -1.287  0.179
p.fac1[4,3]   -0.442 -0.850 -0.342
p.fac1[5,1]    2.018 -0.547  0.648
p.fac1[5,2]   -1.185 -0.212  0.557
p.fac1[5,3]   -2.186  1.814 -1.431
p.fac1[6,1]    0.882  0.898  3.411
p.fac1[6,2]   -0.438 -2.639 -1.322
p.fac1[6,3]   -0.693 -0.044 -3.560
p.global[1]    3.408  0.688  3.893
p.global[2]   -1.546 -3.794  0.694
p.global[3]   -1.071  0.321 -1.878
