
################################################################################
# Gelman-Rubin Diagnostic
################################################################################

Generally the Gelman diagnostic should be < 1.05


Out of 92 variables: 67 > 1.01

                      
33 > 1.05

                      
6 > 1.1


The worst variables are:

              Point est. Upper C.I.
ilr.cont1[1]    1.197224   1.495493
p.ind[11,3]     1.192192   1.573533
p.ind[5,3]      1.166079   1.478679
p.ind[15,3]     1.148946   1.418477
p.ind[6,3]      1.127384   1.347203
loglik[11]      1.100954   1.283208
ilr.cont1[2]    1.099280   1.177064
p.ind[17,3]     1.098445   1.259091
ilr.global[1]   1.091540   1.239470
p.global[3]     1.091221   1.251562


And here are the Gelman diagnostics for all variables:

              Point est. Upper C.I.
deviance        1.042748   1.141869
ilr.cont1[1]    1.197224   1.495493
ilr.cont1[2]    1.099280   1.177064
ilr.global[1]   1.091540   1.239470
ilr.global[2]   1.086913   1.276775
loglik[1]       1.017826   1.062353
loglik[10]      1.018848   1.065839
loglik[11]      1.100954   1.283208
loglik[12]      1.006240   1.024869
loglik[13]      1.023264   1.082579
loglik[14]      1.001826   1.005238
loglik[15]      1.016437   1.059744
loglik[16]      1.001485   1.008099
loglik[17]      1.010144   1.034858
loglik[18]      1.025705   1.086373
loglik[19]      1.011833   1.043151
loglik[2]       1.027749   1.095325
loglik[20]      1.003344   1.014060
loglik[21]      1.004171   1.015676
loglik[3]       1.029268   1.102804
loglik[4]       1.020377   1.072480
loglik[5]       1.008625   1.032659
loglik[6]       1.002179   1.006809
loglik[7]       1.018282   1.065966
loglik[8]       1.032077   1.109132
loglik[9]       1.016494   1.057339
p.global[1]     1.082694   1.249588
p.global[2]     1.047971   1.148994
p.global[3]     1.091221   1.251562
p.ind[1,1]      1.072318   1.233664
p.ind[1,2]      1.056552   1.186093
p.ind[1,3]      1.005653   1.009938
p.ind[10,1]     1.071231   1.230283
p.ind[10,2]     1.055692   1.183309
p.ind[10,3]     1.008763   1.022381
p.ind[11,1]     1.023361   1.081448
p.ind[11,2]     1.033069   1.091009
p.ind[11,3]     1.192192   1.573533
p.ind[12,1]     1.072645   1.234524
p.ind[12,2]     1.056098   1.184779
p.ind[12,3]     1.005000   1.007900
p.ind[13,1]     1.069829   1.223311
p.ind[13,2]     1.042778   1.144085
p.ind[13,3]     1.001118   1.001286
p.ind[14,1]     1.067604   1.214993
p.ind[14,2]     1.036368   1.123941
p.ind[14,3]     1.000017   1.000175
p.ind[15,1]     1.004454   1.014214
p.ind[15,2]     1.023686   1.065524
p.ind[15,3]     1.148946   1.418477
p.ind[16,1]     1.072540   1.233457
p.ind[16,2]     1.052479   1.173901
p.ind[16,3]     1.003421   1.004493
p.ind[17,1]     1.000826   1.001374
p.ind[17,2]     1.018924   1.053428
p.ind[17,3]     1.098445   1.259091
p.ind[18,1]     1.016871   1.053612
p.ind[18,2]     1.002913   1.012252
p.ind[18,3]     1.018290   1.048745
p.ind[19,1]     1.004808   1.015864
p.ind[19,2]     1.013846   1.041584
p.ind[19,3]     1.017417   1.039831
p.ind[2,1]      1.069020   1.220314
p.ind[2,2]      1.040383   1.136602
p.ind[2,3]      1.000654   1.000778
p.ind[20,1]     1.011132   1.040674
p.ind[20,2]     1.007347   1.024852
p.ind[20,3]     1.010080   1.028954
p.ind[21,1]     1.006209   1.021070
p.ind[21,2]     1.013115   1.039950
p.ind[21,3]     1.011852   1.025614
p.ind[3,1]      1.072798   1.234645
p.ind[3,2]      1.054541   1.180130
p.ind[3,3]      1.004108   1.005790
p.ind[4,1]      1.072438   1.233047
p.ind[4,2]      1.051950   1.172298
p.ind[4,3]      1.003273   1.004241
p.ind[5,1]      1.008244   1.027842
p.ind[5,2]      1.026454   1.072793
p.ind[5,3]      1.166079   1.478679
p.ind[6,1]      1.002073   1.005738
p.ind[6,2]      1.021255   1.059278
p.ind[6,3]      1.127384   1.347203
p.ind[7,1]      1.072761   1.234761
p.ind[7,2]      1.055621   1.183363
p.ind[7,3]      1.004643   1.006982
p.ind[8,1]      1.062893   1.204144
p.ind[8,2]      1.036190   1.123086
p.ind[8,3]      1.071371   1.195355
p.ind[9,1]      1.070417   1.227305
p.ind[9,2]      1.052363   1.173178
p.ind[9,3]      1.019479   1.056634

################################################################################
# Geweke Diagnostic
################################################################################

The Geweke diagnostic is a standard z-score, so we'd expect 5% to be outside +/-1.96
Number of variables outside +/-1.96 in each chain (out of 
92
):


       Chain 1 Chain 2 Chain 3
Geweke      36      45       3


And here are the Geweke diagnostics for all variables:

              chain1 chain2 chain3
deviance       2.763 -2.684  0.488
ilr.cont1[1]   1.203 -2.117  0.127
ilr.cont1[2]  -0.937  2.121  0.239
ilr.global[1] -0.987  0.987 -0.597
ilr.global[2] -0.925  1.840 -0.721
loglik[1]     -1.951  0.302 -1.514
loglik[10]    -2.343  1.288 -1.709
loglik[11]    -1.552  3.629 -1.426
loglik[12]    -3.071  2.299 -2.998
loglik[13]    -1.906  1.974 -0.422
loglik[14]    -1.385 -3.571  0.333
loglik[15]    -3.675  3.156 -0.752
loglik[16]    -2.593 -1.152 -1.296
loglik[17]     0.422 -1.190 -0.983
loglik[18]    -2.250  1.172 -1.316
loglik[19]     4.724 -1.936  1.783
loglik[2]     -2.582  0.040 -0.404
loglik[20]    -1.182  0.923  1.392
loglik[21]     2.664 -1.474  0.754
loglik[3]     -2.990  0.956 -1.705
loglik[4]     -1.744  1.289 -0.504
loglik[5]     -0.444  2.538  1.218
loglik[6]     -2.958  3.249  0.146
loglik[7]     -2.482  0.599  0.421
loglik[8]     -0.324 -0.260 -0.248
loglik[9]     -0.732 -1.195 -0.597
p.global[1]   -0.870  1.941 -0.459
p.global[2]    0.112 -0.274  0.587
p.global[3]    0.981 -2.561  0.278
p.ind[1,1]    -1.427  1.623 -0.264
p.ind[1,2]     1.407 -2.076  0.357
p.ind[1,3]    -1.450  4.483  0.204
p.ind[10,1]   -1.173  1.736 -0.293
p.ind[10,2]    1.179 -1.818  0.365
p.ind[10,3]   -1.497  3.836  0.667
p.ind[11,1]    1.217 -2.241 -0.776
p.ind[11,2]   -2.257  2.327  0.478
p.ind[11,3]    0.914 -3.176  0.537
p.ind[12,1]   -1.537  1.573 -0.252
p.ind[12,2]    1.505 -2.128  0.354
p.ind[12,3]   -1.527  4.595  0.103
p.ind[13,1]   -2.163  1.406 -0.208
p.ind[13,2]    1.520 -2.203  0.359
p.ind[13,3]   -1.570  3.803 -0.351
p.ind[14,1]   -2.269  1.333 -0.324
p.ind[14,2]    0.865 -2.435  0.415
p.ind[14,3]   -0.773  3.259 -0.500
p.ind[15,1]    3.339 -3.653 -0.741
p.ind[15,2]   -3.112  2.464  0.093
p.ind[15,3]    0.396 -2.137  0.659
p.ind[16,1]   -1.839  1.455 -0.228
p.ind[16,2]    1.760 -1.907  0.305
p.ind[16,3]   -1.681  4.701 -0.103
p.ind[17,1]    3.620 -3.902 -0.088
p.ind[17,2]   -3.269  2.523 -0.253
p.ind[17,3]   -0.516 -0.968  0.732
p.ind[18,1]    3.573 -1.500  1.612
p.ind[18,2]   -2.259  1.277 -2.845
p.ind[18,3]   -3.563  0.383 -0.184
p.ind[19,1]    3.858 -3.750  1.472
p.ind[19,2]   -3.411  2.223 -1.613
p.ind[19,3]   -2.439  0.700  0.814
p.ind[2,1]    -2.208  1.397 -0.304
p.ind[2,2]     1.511 -2.286  0.377
p.ind[2,3]    -0.863  3.454 -0.406
p.ind[20,1]    4.894 -1.893  1.831
p.ind[20,2]   -2.931  1.415 -2.335
p.ind[20,3]   -4.211  0.581  0.091
p.ind[21,1]    3.937 -3.244  1.691
p.ind[21,2]   -3.398  1.936 -1.920
p.ind[21,3]   -2.773  0.866  0.686
p.ind[3,1]    -1.706  1.412 -0.238
p.ind[3,2]     1.648 -1.847  0.297
p.ind[3,3]    -1.632  4.688 -0.018
p.ind[4,1]    -1.866  1.454 -0.226
p.ind[4,2]     1.783 -1.922  0.307
p.ind[4,3]    -1.685  4.697 -0.120
p.ind[5,1]     2.812 -3.267 -0.738
p.ind[5,2]    -3.032  2.488  0.206
p.ind[5,3]     0.703 -2.535  0.620
p.ind[6,1]     3.618 -3.983 -0.482
p.ind[6,2]    -3.189  2.562 -0.047
p.ind[6,3]     0.067 -1.664  0.696
p.ind[7,1]    -1.603  1.429 -0.246
p.ind[7,2]     1.561 -1.814  0.294
p.ind[7,3]    -1.571  4.641  0.053
p.ind[8,1]    -0.873  1.955 -0.351
p.ind[8,2]     1.216 -2.725  0.412
p.ind[8,3]    -1.218  0.039  0.594
p.ind[9,1]    -1.020  1.818 -0.316
p.ind[9,2]     1.041 -2.022  0.374
p.ind[9,3]    -1.285  2.613  0.881
